{"mounts":[],"replays":[{"createdAt":"22:09:52","name":"Replay 1","heightData":{"Total":3.151203989982605,"HipHeight":2.0963196754455568},"frameCount":174,"data":[{"CF":[0,4.096319675445557,0,-1,0,0.0000926574066397734,0,1,0,-0.0000926574066397734,0,-1],"SB":0,"VY":8.448719768239244e-8,"TN":"","HT":false,"V":[0,8.448719768239244e-8,0],"MD":[0,0,0],"TS":1776809388.1848188,"WS":16,"J":false,"HD":[3.151203989982605,2.0963196754455568],"BWS":16,"MS":"Grounded","DT":0.018331769853830339},{"CF":[0,4.096319675445557,0,-1,0,0.0000926574066397734,0,1,0,-0.0000926574066397734,0,-1],"SB":0,"VY":8.448719768239244e-8,"TN":"","HT":false,"V":[0,8.448719768239244e-8,0],"MD":[0,0,0],"TS":1776809388.1991833,"WS":16,"J":false,"HD":[3.151203989982605,2.0963196754455568],"BWS":16,"MS":"Grounded","DT":0.01509107742458582},{"CF":[0,4.096319675445557,0,-1,0,0.0000926574066397734,0,1,0,-0.0000926574066397734,0,-1],"SB":0,"VY":8.448719768239244e-8,"TN":"","HT":false,"V":[0,8.448719768239244e-8,0],"MD":[0,0,0],"TS":1776809388.2157274,"WS":16,"J":false,"HD":[3.151203989982605,2.0963196754455568],"BWS":16,"MS":"Grounded","DT":0.01656430773437023},{"CF":[0,4.096319675445557,0,-1,0,0.0000926574066397734,0,1,0,-0.0000926574066397734,0,-1],"SB":0,"VY":8.448719768239244e-8,"TN":"","HT":false,"V":[0,8.448719768239244e-8,0],"MD":[0,0,0],"TS":1776809388.2324804,"WS":16,"J":false,"HD":[3.151203989982605,2.0963196754455568],"BWS":16,"MS":"Grounded","DT":0.01674761436879635},{"CF":[0,4.096319675445557,0,-1,0,0.0000926574066397734,0,1,0,-0.0000926574066397734,0,-1],"SB":0,"VY":8.448719768239244e-8,"TN":"","HT":false,"V":[0,8.448719768239244e-8,0],"MD":[0,0,0],"TS":1776809388.2491544,"WS":16,"J":false,"HD":[3.151203989982605,2.0963196754455568],"BWS":16,"MS":"Grounded","DT":0.016673000529408456},{"CF":[0,4.096319675445557,0,-1,0,0.0000926574066397734,0,1,0,-0.0000926574066397734,0,-1],"SB":0,"VY":8.448719768239244e-8,"TN":"","HT":false,"V":[0,8.448719768239244e-8,0],"MD":[0,0,0],"TS":1776809388.2657309,"WS":16,"J":false,"HD":[3.151203989982605,2.0963196754455568],"BWS":16,"MS":"Grounded","DT":0.016579000279307367},{"CF":[0,4.096319675445557,0,-1,0,0.0000926574066397734,0,1,0,-0.0000926574066397734,0,-1],"SB":0,"VY":8.448719768239244e-8,"TN":"","HT":false,"V":[0,8.448719768239244e-8,0],"MD":[0,0,0],"TS":1776809388.282628,"WS":16,"J":false,"HD":[3.151203989982605,2.0963196754455568],"BWS":16,"MS":"Grounded","DT":0.016867076978087426},{"CF":[0,4.096319675445557,0,-1,0,0.0000926574066397734,0,1,0,-0.0000926574066397734,0,-1],"SB":0,"VY":8.448719768239244e-8,"TN":"","HT":false,"V":[0,8.448719768239244e-8,0],"MD":[0,0,0],"TS":1776809388.2999674,"WS":16,"J":false,"HD":[3.151203989982605,2.0963196754455568],"BWS":16,"MS":"Grounded","DT":0.01733200065791607},{"CF":[0,4.096319675445557,0,-1,0,0.0000926574066397734,0,1,0,-0.0000926574066397734,0,-1],"SB":0,"VY":8.448719768239244e-8,"TN":"","HT":false,"V":[0,8.448719768239244e-8,0],"MD":[0,0,0],"TS":1776809388.3164755,"WS":16,"J":false,"HD":[3.151203989982605,2.0963196754455568],"BWS":16,"MS":"Grounded","DT":0.016432614997029306},{"CF":[0,4.096319675445557,0,-1,0,0.0000926574066397734,0,1,0,-0.0000926574066397734,0,-1],"SB":0,"VY":8.448719768239244e-8,"TN":"","HT":false,"V":[0,8.448719768239244e-8,0],"MD":[0,0,0],"TS":1776809388.332341,"WS":16,"J":false,"HD":[3.151203989982605,2.0963196754455568],"BWS":16,"MS":"Grounded","DT":0.015976693481206895},{"CF":[0,4.096319675445557,0,-1,0,0.0000926574066397734,0,1,0,-0.0000926574066397734,0,-1],"SB":0,"VY":8.448719768239244e-8,"TN":"","HT":false,"V":[0,8.448719768239244e-8,0],"MD":[0,0,0],"TS":1776809388.34899,"WS":16,"J":false,"HD":[3.151203989982605,2.0963196754455568],"BWS":16,"MS":"Grounded","DT":0.016652923077344896},{"CF":[0,4.096319675445557,0,-1,0,0.0000926574066397734,0,1,0,-0.0000926574066397734,0,-1],"SB":0,"VY":8.448719768239244e-8,"TN":"","HT":false,"V":[0,8.448719768239244e-8,0],"MD":[0,0,0],"TS":1776809388.366508,"WS":16,"J":false,"HD":[3.151203989982605,2.0963196754455568],"BWS":16,"MS":"Grounded","DT":0.017494691535830499},{"CF":[-0.08381984382867813,4.096319675445557,0.09937708079814911,-0.996414303779602,0.0000013590012031272636,0.08460777997970581,-0.0000012568008287416888,1,-0.000030863538995618,-0.08460777997970581,-0.00003085920980083756,-0.996414303779602],"SB":0,"VY":0.000014624349205405452,"TN":"","HT":false,"V":[-6.760375022888184,0.000014624349205405452,7.945479393005371],"MD":[-0.6466606259346008,0,0.7627779245376587],"TS":1776809388.3828183,"WS":16,"J":false,"HD":[3.151203989982605,2.0963196754455568],"BWS":16,"MS":"Grounded","DT":0.016298769041895868},{"CF":[-0.24695198237895966,4.096320152282715,0.29677027463912966,-0.9861966371536255,0.000004314885700296145,0.1655781865119934,-0.0000036976516639697367,1,-0.000048083009460242468,-0.1655781865119934,-0.00004803155388799496,-0.9861966371536255],"SB":0,"VY":0.000014815633221587632,"TN":"","HT":false,"V":[-10.119932174682618,0.000014815633221587632,12.217144012451172],"MD":[-0.6362714767456055,0,0.7714651823043823],"TS":1776809388.40053,"WS":16,"J":false,"HD":[3.151203989982605,2.0963196754455568],"BWS":16,"MS":"Grounded","DT":0.017692385241389276},{"CF":[-0.4162912666797638,4.096320152282715,0.5025639533996582,-0.9720457196235657,0.00000627793224339257,0.23479174077510835,-0.0000030108333248790588,1,-0.000039203252526931468,-0.23479174077510835,-0.0000388142689189408,-0.9720457196235657],"SB":0,"VY":-0.0000033591684314160377,"TN":"","HT":false,"V":[-10.194049835205079,-0.0000033591684314160377,12.348688125610352],"MD":[-0.6352341771125794,0,0.7723196148872376],"TS":1776809388.4165576,"WS":16,"J":false,"HD":[3.151203989982605,2.0963196754455568],"BWS":16,"MS":"Grounded","DT":0.016055922955274583},{"CF":[-0.5882930755615234,4.096320152282715,0.706380307674408,-0.9554153084754944,0.000006897609637235291,0.29526522755622866,-0.0000014759064015379409,1,-0.000028136444598203526,-0.29526522755622866,-0.000027317773856339046,-0.9554153084754944],"SB":0,"VY":-0.000010629080861690455,"TN":"","HT":false,"V":[-10.355754852294922,-0.000010629080861690455,12.21268367767334],"MD":[-0.6457130312919617,0,0.7635802626609802],"TS":1776809388.433095,"WS":16,"J":false,"HD":[3.151203989982605,2.0963196754455568],"BWS":16,"MS":"Grounded","DT":0.016510460525751115},{"CF":[-0.7640844583511353,4.096320152282715,0.9069279432296753,-0.9371296167373657,0.0000069018306021462198,0.34898149967193606,-8.041127443902951e-7,1,-0.000021936373741482386,-0.34898149967193606,-0.000020837846022914165,-0.9371296167373657],"SB":0,"VY":-0.00001062907358573284,"TN":"","HT":false,"V":[-10.584516525268555,-0.00001062907358573284,12.012138366699219],"MD":[-0.6602935791015625,0,0.751007616519928],"TS":1776809388.449433,"WS":16,"J":false,"HD":[3.151203989982605,2.0963196754455568],"BWS":16,"MS":"Grounded","DT":0.016339076682925226},{"CF":[-0.9435336589813232,4.096320152282715,1.1042042970657349,-0.9178979396820068,0.000006639211733272532,0.39681652188301089,-6.565243211298366e-7,1,-0.0000182498297363054,-0.39681652188301089,-0.00001701200017123483,-0.9178979396820068],"SB":0,"VY":-0.000010246472811559216,"TN":"","HT":false,"V":[-10.800714492797852,-0.000010246472811559216,11.8158540725708],"MD":[-0.6739579439163208,0,0.7387697100639343],"TS":1776809388.4661139,"WS":16,"J":false,"HD":[3.151203989982605,2.0963196754455568],"BWS":16,"MS":"Grounded","DT":0.016688000410795213},{"CF":[-1.1284606456756592,4.096320152282715,1.2963413000106812,-0.8976445198059082,0.000006461457360273926,0.44072023034095766,-5.899381676499615e-7,1,-0.000015862699001445436,-0.44072023034095766,-0.000014499062672257424,-0.8976445198059082],"SB":0,"VY":-0.00001024647008307511,"TN":"","HT":false,"V":[-11.13522720336914,-0.00001024647008307511,11.499641418457032],"MD":[-0.6951331496238709,0,0.7188810706138611],"TS":1776809388.483057,"WS":16,"J":false,"HD":[3.151203989982605,2.0963196754455568],"BWS":16,"MS":"Grounded","DT":0.016946230083703996},{"CF":[-1.3159983158111573,4.096320152282715,1.4859412908554078,-0.8775251507759094,0.000006012015091982903,0.4795306622982025,-4.780065410159295e-7,1,-0.000013412026419246104,-0.4795306622982025,-0.00001199860889755655,-0.8775251507759094],"SB":0,"VY":-0.000010629076314216946,"TN":"","HT":false,"V":[-11.27754020690918,-0.000010629076314216946,11.35840892791748],"MD":[-0.7039206624031067,0,0.7102786898612976],"TS":1776809388.499777,"WS":16,"J":false,"HD":[3.151203989982605,2.0963196754455568],"BWS":16,"MS":"Grounded","DT":0.01670769229531288},{"CF":[-1.5040056705474854,4.096320152282715,1.6750757694244385,-0.8585785627365112,0.000005100559519632952,0.5126820206642151,-3.2596577170806997e-7,1,-0.000010494665730220732,-0.5126820206642151,-0.000009177611900668126,-0.8585785627365112],"SB":0,"VY":-0.00001158564646175364,"TN":"","HT":false,"V":[-11.295434951782227,-0.00001158564646175364,11.338597297668457],"MD":[-0.7050384283065796,0,0.7091690897941589],"TS":1776809388.516188,"WS":16,"J":false,"HD":[3.151203989982605,2.0963196754455568],"BWS":16,"MS":"Grounded","DT":0.016433462500572206},{"CF":[-1.6921947002410889,4.096320152282715,1.8640247583389283,-0.8411104679107666,0.000004080869075551163,0.5408633947372437,-1.9766568470913627e-7,1,-0.000007852496310079005,-0.5408633947372437,-0.00000671172711008694,-0.8411104679107666],"SB":0,"VY":-0.000012159588550275658,"TN":"","HT":false,"V":[-11.3036470413208,-0.000012159588550275658,11.328761100769043],"MD":[-0.7056823372840881,0,0.7085283398628235],"TS":1776809388.53288,"WS":16,"J":false,"HD":[3.151203989982605,2.0963196754455568],"BWS":16,"MS":"Grounded","DT":0.016678461804986},{"CF":[-1.8804802894592286,4.096320152282715,2.0528736114501955,-0.8252189755439758,0.0000032048174034571277,0.564812958240509,-1.2034583107833897e-7,1,-0.000005849952685821336,-0.564812958240509,-0.00000489546482640435,-0.8252189755439758],"SB":0,"VY":-0.000012542221156763845,"TN":"","HT":false,"V":[-11.307389259338379,-0.000012542221156763845,11.3237886428833],"MD":[-0.7060319185256958,0,0.7081801295280457],"TS":1776809388.549334,"WS":16,"J":false,"HD":[3.151203989982605,2.0963196754455568],"BWS":16,"MS":"Grounded","DT":0.016444385051727296},{"CF":[-2.0688159465789797,4.096320152282715,2.2416698932647707,-0.8109055161476135,0.0000025013362119352679,0.5851771235466003,-7.777732946578908e-8,1,-0.000004382273800729308,-0.5851771235466003,-0.00000359912337444257,-0.8109055161476135],"SB":0,"VY":-0.000012542224794742652,"TN":"","HT":false,"V":[-11.30875301361084,-0.000012542224794742652,11.321491241455079],"MD":[-0.7062167525291443,0,0.7079957127571106],"TS":1776809388.5665599,"WS":16,"J":false,"HD":[3.151203989982605,2.0963196754455568],"BWS":16,"MS":"Grounded","DT":0.01721876859664917},{"CF":[-2.2571842670440676,4.096320152282715,2.430431842803955,-0.7981087565422058,0.0000019400083601794906,0.6025134325027466,-5.149946602500677e-8,1,-0.0000032880768685572549,-0.6025134325027466,-0.0000026552720555628186,-0.7981087565422058],"SB":0,"VY":-0.000012733529729302973,"TN":"","HT":false,"V":[-11.3093900680542,-0.000012733529729302973,11.320148468017579],"MD":[-0.7063423991203308,0,0.707870364189148],"TS":1776809388.5827475,"WS":16,"J":false,"HD":[3.151203989982605,2.0963196754455568],"BWS":16,"MS":"Grounded","DT":0.01622646115720272},{"CF":[-2.4457356929779054,4.096320152282715,2.6190085411071779,-0.7866654396057129,0.0000015091364957697807,0.6173795461654663,-2.9901155329525866e-8,1,-0.0000024825230866554195,-0.6173795461654663,-0.000001971375468201586,-0.7866654396057129],"SB":0,"VY":-0.000012733535186271184,"TN":"","HT":false,"V":[-11.319993019104004,-0.000012733535186271184,11.309033393859864],"MD":[-0.707088828086853,0,0.7071248292922974],"TS":1776809388.5994542,"WS":16,"J":false,"HD":[3.151203989982605,2.0963196754455568],"BWS":16,"MS":"Grounded","DT":0.01668976992368698},{"CF":[-2.6344919204711916,4.096320152282715,2.8073792457580568,-0.776454508304596,0.000001175327838609519,0.6301732659339905,-1.9200090406457094e-8,1,-0.0000018887437818193576,-0.6301732659339905,-0.0000014786230622121366,-0.776454508304596],"SB":0,"VY":-0.000012733534276776482,"TN":"","HT":false,"V":[-11.331464767456055,-0.000012733534276776482,11.297154426574707],"MD":[-0.7078662514686585,0,0.7063465118408203],"TS":1776809388.616078,"WS":16,"J":false,"HD":[3.151203989982605,2.0963196754455568],"BWS":16,"MS":"Grounded","DT":0.01662738434970379},{"CF":[-2.823996067047119,4.096320152282715,2.9949963092803957,-0.7671196460723877,9.452959943700989e-7,0.6415040493011475,-1.3827444078629015e-8,1,-0.0000014900971336828662,-0.6415040493011475,-0.0000011519531426529284,-0.7671196460723877],"SB":0,"VY":-0.000012733536095765885,"TN":"","HT":false,"V":[-11.377931594848633,-0.000012733536095765885,11.25010871887207],"MD":[-0.7108581066131592,0,0.7033354640007019],"TS":1776809388.6330856,"WS":16,"J":false,"HD":[3.151203989982605,2.0963196754455568],"BWS":16,"MS":"Grounded","DT":0.017016077414155008},{"CF":[-3.013700246810913,4.096320152282715,3.1824114322662355,-0.758812665939331,7.541803483945841e-7,0.6513089537620544,-1.0126806060384297e-8,1,-0.0000011697438822011464,-0.6513089537620544,-8.942121780819434e-7,-0.758812665939331],"SB":0,"VY":-0.000012733531548292376,"TN":"","HT":false,"V":[-11.38692855834961,-0.000012733531548292376,11.240777969360352],"MD":[-0.7114149332046509,0,0.7027722597122192],"TS":1776809388.649832,"WS":16,"J":false,"HD":[3.151203989982605,2.0963196754455568],"BWS":16,"MS":"Grounded","DT":0.01672830618917942},{"CF":[-3.2039244174957277,4.096320152282715,3.369297504425049,-0.7512848377227783,6.018136105012673e-7,0.6599780917167664,-7.087835651731211e-9,1,-9.19937519938685e-7,-0.6599780917167664,-6.95812900630699e-7,-0.7512848377227783],"SB":0,"VY":-0.000012924847396789119,"TN":"","HT":false,"V":[-11.419130325317383,-0.000012924847396789119,11.207904815673829],"MD":[-0.71349036693573,0,0.7006650567054749],"TS":1776809388.6660207,"WS":16,"J":false,"HD":[3.151203989982605,2.0963196754455568],"BWS":16,"MS":"Grounded","DT":0.016193846240639688},{"CF":[-3.3947484493255617,4.096320152282715,3.555570363998413,-0.7444064617156982,4.92450794808974e-7,0.6677267551422119,-5.080076803665179e-9,1,-7.431669359903026e-7,-0.6677267551422119,-5.566103595811001e-7,-0.7444064617156982],"SB":0,"VY":-0.000012924849215778523,"TN":"","HT":false,"V":[-11.454964637756348,-0.000012924849215778523,11.171162605285645],"MD":[-0.715761125087738,0,0.6983451843261719],"TS":1776809388.682999,"WS":16,"J":false,"HD":[3.151203989982605,2.0963196754455568],"BWS":16,"MS":"Grounded","DT":0.016988616436719896},{"CF":[-3.585871696472168,4.096320152282715,3.7415366172790529,-0.7382431030273438,3.981788552209764e-7,0.6745347380638123,-3.702727680021667e-9,1,-5.943539349573257e-7,-0.6745347380638123,-4.4127531850790549e-7,-0.7382431030273438],"SB":0,"VY":-0.00001292484830628382,"TN":"","HT":false,"V":[-11.47128677368164,-0.00001292484830628382,11.154297828674317],"MD":[-0.7167825698852539,0,0.6972967386245728],"TS":1776809388.6998807,"WS":16,"J":false,"HD":[3.151203989982605,2.0963196754455568],"BWS":16,"MS":"Grounded","DT":0.01688830740749836},{"CF":[-3.77701735496521,4.096320152282715,3.9274795055389406,-0.732848048210144,3.07364388163478e-7,0.680392324924469,-2.482259731095837e-9,1,-4.5441944962476557e-7,-0.680392324924469,-3.347093127104017e-7,-0.732848048210144],"SB":0,"VY":-0.00001292484830628382,"TN":"","HT":false,"V":[-11.471196174621582,-0.00001292484830628382,11.154293060302735],"MD":[-0.7167825698852539,0,0.6972967386245728],"TS":1776809388.7159887,"WS":16,"J":false,"HD":[3.151203989982605,2.0963196754455568],"BWS":16,"MS":"Grounded","DT":0.016131922602653505},{"CF":[-3.96842360496521,4.096320152282715,4.113153457641602,-0.7280188798904419,2.3815812255634229e-7,0.6855571269989014,-1.6063086416551187e-9,1,-3.490993663035624e-7,-0.6855571269989014,-2.552521323195833e-7,-0.7280188798904419],"SB":0,"VY":-0.00001292484830628382,"TN":"","HT":false,"V":[-11.487587928771973,-0.00001292484830628382,11.137344360351563],"MD":[-0.7178484797477722,0,0.696199357509613],"TS":1776809388.7332817,"WS":16,"J":false,"HD":[3.151203989982605,2.0963196754455568],"BWS":16,"MS":"Grounded","DT":0.017153307795524598},{"CF":[-4.159852027893066,4.096320152282715,4.298804759979248,-0.7237988114356995,1.8366785070611514e-7,0.6900110840797424,-1.06485242845622e-9,1,-2.6729802016234319e-7,-0.6900110840797424,-1.9420473051923182e-7,-0.7237988114356995],"SB":0,"VY":-0.000012924847396789119,"TN":"","HT":false,"V":[-11.487606048583985,-0.000012924847396789119,11.137269973754883],"MD":[-0.7178484797477722,0,0.696199357509613],"TS":1776809388.7491194,"WS":16,"J":false,"HD":[3.151203989982605,2.0963196754455568],"BWS":16,"MS":"Grounded","DT":0.01597469300031662},{"CF":[-4.35128116607666,4.096320152282715,4.484455585479736,-0.720127284526825,1.3860812941857149e-7,0.6938419938087463,-7.001093038638828e-10,1,-2.004956485279763e-7,-0.6938419938087463,-1.4486815302916512e-7,-0.720127284526825],"SB":0,"VY":-0.00001292484830628382,"TN":"","HT":false,"V":[-11.48732852935791,-0.00001292484830628382,11.13751220703125],"MD":[-0.7178484797477722,0,0.696199357509613],"TS":1776809388.7660006,"WS":16,"J":false,"HD":[3.151203989982605,2.0963196754455568],"BWS":16,"MS":"Grounded","DT":0.016865000128746034},{"CF":[-4.542708873748779,4.096320152282715,4.670106410980225,-0.7169363498687744,1.2628341039544467e-7,0.6971386075019836,-5.295388572079673e-10,1,-1.8168991289257975e-7,-0.6971386075019836,-1.3062926029761003e-7,-0.7169363498687744],"SB":0,"VY":-0.000012924849215778523,"TN":"","HT":false,"V":[-11.487085342407227,-0.000012924849215778523,11.13773250579834],"MD":[-0.7178484797477722,0,0.696199357509613],"TS":1776809388.78258,"WS":16,"J":false,"HD":[3.151203989982605,2.0963196754455568],"BWS":16,"MS":"Grounded","DT":0.016582384705543519},{"CF":[-4.734137058258057,4.096320152282715,4.855757713317871,-0.7141651511192322,1.2460151310733637e-7,0.6999772191047669,-4.348878201998474e-10,1,-1.7845165700691724e-7,-0.6999772191047669,-1.277483789863254e-7,-0.7141651511192322],"SB":0,"VY":-0.000012924849215778523,"TN":"","HT":false,"V":[-11.4868745803833,-0.000012924849215778523,11.137923240661621],"MD":[-0.7178484797477722,0,0.696199357509613],"TS":1776809388.7990783,"WS":16,"J":false,"HD":[3.151203989982605,2.0963196754455568],"BWS":16,"MS":"Grounded","DT":0.016504615545272828},{"CF":[-4.925565719604492,4.096320152282715,5.041409015655518,-0.7117599844932556,1.170802832461959e-7,0.7024227380752564,-3.8575695415765667e-10,1,-1.670715477075646e-7,-0.7024227380752564,-1.1918580611336438e-7,-0.7117599844932556],"SB":0,"VY":-0.00001292484830628382,"TN":"","HT":false,"V":[-11.4866943359375,-0.00001292484830628382,11.138090133666993],"MD":[-0.7178484797477722,0,0.696199357509613],"TS":1776809388.8158537,"WS":16,"J":false,"HD":[3.151203989982605,2.0963196754455568],"BWS":16,"MS":"Grounded","DT":0.016787460073828698},{"CF":[-5.116993427276611,4.096320152282715,5.2270612716674809,-0.7096736431121826,9.252632793277371e-8,0.7045305967330933,-2.738614057751221e-10,1,-1.3160632761355374e-7,-0.7045305967330933,-9.359047936641218e-8,-0.7096736431121826],"SB":0,"VY":-0.00001292484830628382,"TN":"","HT":false,"V":[-11.486538887023926,-0.00001292484830628382,11.138235092163086],"MD":[-0.7178484797477722,0,0.696199357509613],"TS":1776809388.8326569,"WS":16,"J":false,"HD":[3.151203989982605,2.0963196754455568],"BWS":16,"MS":"Grounded","DT":0.016792308539152147},{"CF":[-5.3084211349487309,4.096320152282715,5.412713050842285,-0.7078646421432495,9.33045427586876e-8,0.7063481211662293,-1.529667781330346e-10,1,-1.322475782217225e-7,-0.7063481211662293,-9.372142528718541e-8,-0.7078646421432495],"SB":0,"VY":-0.00001292484830628382,"TN":"","HT":false,"V":[-11.486407279968262,-0.00001292484830628382,11.138362884521485],"MD":[-0.7178484797477722,0,0.696199357509613],"TS":1776809388.8493124,"WS":16,"J":false,"HD":[3.151203989982605,2.0963196754455568],"BWS":16,"MS":"Grounded","DT":0.016663692891597749},{"CF":[-5.499848365783691,4.096320152282715,5.59836483001709,-0.7062967419624329,9.343050777488316e-8,0.7079159021377564,-1.1459111437517322e-10,1,-1.3209400151481533e-7,-0.7079159021377564,-9.337868078773681e-8,-0.7062967419624329],"SB":0,"VY":-0.00001292484830628382,"TN":"","HT":false,"V":[-11.486292839050293,-0.00001292484830628382,11.138473510742188],"MD":[-0.7178484797477722,0,0.696199357509613],"TS":1776809388.866045,"WS":16,"J":false,"HD":[3.151203989982605,2.0963196754455568],"BWS":16,"MS":"Grounded","DT":0.01672430709004402},{"CF":[-5.691275596618652,4.018459320068359,5.784017086029053,-0.7049382328987122,8.182643540521895e-8,0.7092686891555786,-9.753377272492259e-11,1,-1.1546427458597464e-7,-0.7092686891555786,-8.146435703793031e-8,-0.7049382328987122],"SB":0,"VY":-5.489180564880371,"TN":"","HT":false,"V":[-11.486193656921387,-5.489180564880371,11.138568878173829],"MD":[-0.7178484797477722,0,0.696199357509613],"TS":1776809388.8831392,"WS":16,"J":false,"HD":[3.151203989982605,2.0963196754455568],"BWS":16,"MS":"Grounded","DT":0.017072230577468873},{"CF":[-5.882702350616455,3.8771474361419679,5.969669342041016,-0.7037615180015564,7.846433192071345e-8,0.7104362845420837,-3.5795203606747708e-11,1,-1.1048073389474666e-7,-0.7104362845420837,-7.777752131232774e-8,-0.7037615180015564],"SB":0,"VY":-9.296205520629883,"TN":"","HT":false,"V":[-11.486108779907227,-9.296205520629883,11.138649940490723],"MD":[-0.7178484797477722,0,0.696199357509613],"TS":1776809388.8996514,"WS":16,"J":false,"HD":[3.151203989982605,2.0963196754455568],"BWS":16,"MS":"Grounded","DT":0.01651053875684738},{"CF":[-6.074129581451416,3.681335687637329,6.1553215980529789,-0.7027425169944763,7.519411582279645e-8,0.7114442586898804,-1.1083623602248238e-11,1,-1.0570316533176083e-7,-0.7114442586898804,-7.428999282410587e-8,-0.7027425169944763],"SB":0,"VY":-12.566205978393555,"TN":"","HT":false,"V":[-11.48603630065918,-12.566205978393555,11.138724327087403],"MD":[-0.7178484797477722,0,0.696199357509613],"TS":1776809388.9161616,"WS":16,"J":false,"HD":[3.151203989982605,2.0963196754455568],"BWS":16,"MS":"Grounded","DT":0.01653161458671093},{"CF":[-6.265556812286377,4.546793460845947,6.340975284576416,-0.7017339468002319,6.795583118446302e-8,0.7124391198158264,2.0136971517342728e-12,1,-9.538277367937553e-8,-0.7124391198158264,-6.693188936424122e-8,-0.7017339468002319],"SB":0,"VY":50.70119857788086,"TN":"","HT":false,"V":[-11.48603630065918,50.70119857788086,11.138724327087403],"MD":[-0.7178484797477722,0,0.696199357509613],"TS":1776809388.9332154,"WS":16,"J":false,"HD":[3.151203989982605,2.0963196754455568],"BWS":16,"MS":"Jumping","DT":0.017048999667167665},{"CF":[-6.456978797912598,5.35775089263916,6.5266337394714359,-0.7009139657020569,7.930302103886788e-8,0.7132458686828613,3.3887039008195788e-11,1,-1.11152793635938e-7,-0.7132458686828613,-7.788437272893134e-8,-0.7009139657020569],"SB":0,"VY":47.43119430541992,"TN":"","HT":false,"V":[-11.485584259033204,47.43119430541992,11.139179229736329],"MD":[-0.7178484797477722,0,0.696199357509613],"TS":1776809388.9499052,"WS":16,"J":false,"HD":[3.151203989982605,2.0963196754455568],"BWS":16,"MS":"Falling","DT":0.016695616766810418},{"CF":[-6.64840030670166,6.114208221435547,6.712292194366455,-0.7002437114715576,1.023996389903914e-7,0.7139039039611816,5.03543873264789e-11,1,-1.433867709010883e-7,-0.7139039039611816,-1.0036973918658987e-7,-0.7002437114715576],"SB":0,"VY":44.161190032958987,"TN":"","HT":false,"V":[-11.485574722290039,44.161190032958987,11.139188766479493],"MD":[-0.7178484797477722,0,0.696199357509613],"TS":1776809388.9661856,"WS":16,"J":true,"HD":[3.151203989982605,2.0963196754455568],"BWS":16,"MS":"Falling","DT":0.016278769820928575},{"CF":[-6.8398213386535648,6.816165924072266,6.897950172424316,-0.6996732950210571,9.591170879730271e-8,0.71446293592453,6.760242539372019e-12,1,-1.3423647260424333e-7,-0.71446293592453,-9.391684585580151e-8,-0.6996732950210571],"SB":0,"VY":40.89118576049805,"TN":"","HT":false,"V":[-11.485574722290039,40.89118576049805,11.139188766479493],"MD":[-0.7178484797477722,0,0.696199357509613],"TS":1776809388.982733,"WS":16,"J":false,"HD":[3.151203989982605,2.0963196754455568],"BWS":16,"MS":"Falling","DT":0.016476614400744439},{"CF":[-7.031242847442627,7.463623046875,7.083607196807861,-0.699184000492096,8.283331709435515e-8,0.7149417996406555,-1.657766805773786e-11,1,-1.1587643200527964e-7,-0.7149417996406555,-8.103079807142422e-8,-0.699184000492096],"SB":0,"VY":37.62118148803711,"TN":"","HT":false,"V":[-11.485574722290039,37.62118148803711,11.139188766479493],"MD":[-0.7178484797477722,0,0.696199357509613],"TS":1776809388.999274,"WS":16,"J":false,"HD":[3.151203989982605,2.0963196754455568],"BWS":16,"MS":"Falling","DT":0.016604384407401086},{"CF":[-7.222665309906006,8.056580543518067,7.269264221191406,-0.6987636089324951,7.418093161959405e-8,0.7153526544570923,-1.4468632021646944e-11,1,-1.0371254433039212e-7,-0.7153526544570923,-7.248090128086915e-8,-0.6987636089324951],"SB":0,"VY":34.35117721557617,"TN":"","HT":false,"V":[-11.485574722290039,34.35117721557617,11.139188766479493],"MD":[-0.7178484797477722,0,0.696199357509613],"TS":1776809389.0159655,"WS":16,"J":false,"HD":[3.151203989982605,2.0963196754455568],"BWS":16,"MS":"Falling","DT":0.016676846891641618},{"CF":[-7.414088249206543,8.595038414001465,7.454920768737793,-0.6984023451805115,6.879398029013828e-8,0.7157053351402283,2.6636178072220185e-12,1,-9.611793672092972e-8,-0.7157053351402283,-6.712708255918187e-8,-0.6984023451805115],"SB":0,"VY":31.0811767578125,"TN":"","HT":false,"V":[-11.485574722290039,31.0811767578125,11.139188766479493],"MD":[-0.7178484797477722,0,0.696199357509613],"TS":1776809389.032533,"WS":16,"J":false,"HD":[3.151203989982605,2.0963196754455568],"BWS":16,"MS":"Falling","DT":0.016592923551797868},{"CF":[-7.60551118850708,9.078995704650879,7.640576362609863,-0.6980919241905212,6.581575462405454e-8,0.7160081267356873,3.01925463797037e-11,1,-9.189096061845703e-8,-0.7160081267356873,-6.41267234868792e-8,-0.6980919241905212],"SB":0,"VY":27.811180114746095,"TN":"","HT":false,"V":[-11.485574722290039,27.811180114746095,11.139188766479493],"MD":[-0.7178484797477722,0,0.696199357509613],"TS":1776809389.0492614,"WS":16,"J":false,"HD":[3.151203989982605,2.0963196754455568],"BWS":16,"MS":"Falling","DT":0.016717616468667985},{"CF":[-7.796934604644775,9.508452415466309,7.826232433319092,-0.6978252530097961,6.461554136194536e-8,0.7162680625915527,6.442540945172937e-11,1,-9.014863167067233e-8,-0.7162680625915527,-6.28618437303885e-8,-0.6978252530097961],"SB":0,"VY":24.541183471679689,"TN":"","HT":false,"V":[-11.485574722290039,24.541183471679689,11.139188766479493],"MD":[-0.7178484797477722,0,0.696199357509613],"TS":1776809389.0660189,"WS":16,"J":false,"HD":[3.151203989982605,2.0963196754455568],"BWS":16,"MS":"Falling","DT":0.01676061563193798},{"CF":[-7.988358020782471,9.88340950012207,8.011887550354004,-0.6975960731506348,6.472696867376726e-8,0.7164912819862366,1.0301078740004854e-10,1,-9.023852243217334e-8,-0.7164912819862366,-6.287623222078764e-8,-0.6975960731506348],"SB":0,"VY":21.27118682861328,"TN":"","HT":false,"V":[-11.485574722290039,21.27118682861328,11.139188766479493],"MD":[-0.7178484797477722,0,0.696199357509613],"TS":1776809389.0826612,"WS":16,"J":false,"HD":[3.151203989982605,2.0963196754455568],"BWS":16,"MS":"Falling","DT":0.01665530726313591},{"CF":[-8.179781913757325,10.203866958618164,8.197542190551758,-0.6973991394042969,6.580552280865959e-8,0.7166829705238342,1.4444394291768249e-10,1,-9.167901282580715e-8,-0.7166829705238342,-6.383334039128386e-8,-0.6973991394042969],"SB":0,"VY":18.001190185546876,"TN":"","HT":false,"V":[-11.485574722290039,18.001190185546876,11.139188766479493],"MD":[-0.7178484797477722,0,0.696199357509613],"TS":1776809389.0994259,"WS":16,"J":false,"HD":[3.151203989982605,2.0963196754455568],"BWS":16,"MS":"Falling","DT":0.016753308475017549},{"CF":[-8.371206283569336,10.46982479095459,8.383196830749512,-0.6972299814224243,6.759710657888718e-8,0.7168475389480591,1.8848859972830923e-10,1,-9.411441936890697e-8,-0.7168475389480591,-6.548427222696773e-8,-0.6972299814224243],"SB":0,"VY":14.731191635131836,"TN":"","HT":false,"V":[-11.485574722290039,14.731191635131836,11.139188766479493],"MD":[-0.7178484797477722,0,0.696199357509613],"TS":1776809389.1158443,"WS":16,"J":false,"HD":[3.151203989982605,2.0963196754455568],"BWS":16,"MS":"Falling","DT":0.016425229609012605},{"CF":[-8.562630653381348,10.681282043457032,8.568852424621582,-0.6970846056938171,6.991418644020087e-8,0.7169888615608215,2.3469517995700075e-10,1,-9.728266547881504e-8,-0.7169888615608215,-6.764597770825276e-8,-0.6970846056938171],"SB":0,"VY":11.461191177368164,"TN":"","HT":false,"V":[-11.485574722290039,11.461191177368164,11.139188766479493],"MD":[-0.7178484797477722,0,0.696199357509613],"TS":1776809389.1334215,"WS":16,"J":false,"HD":[3.151203989982605,2.0963196754455568],"BWS":16,"MS":"Falling","DT":0.01755623146891594},{"CF":[-8.75405502319336,10.838239669799805,8.75450611114502,-0.6969597339630127,7.261820655912743e-8,0.7171102166175842,2.824273315216175e-10,1,-1.009905687965329e-7,-0.7171102166175842,-7.018383030299447e-8,-0.6969597339630127],"SB":0,"VY":8.191190719604493,"TN":"","HT":false,"V":[-11.485574722290039,8.191190719604493,11.139188766479493],"MD":[-0.7178484797477722,0,0.696199357509613],"TS":1776809389.1491669,"WS":16,"J":false,"HD":[3.151203989982605,2.0963196754455568],"BWS":16,"MS":"Falling","DT":0.015763385221362115},{"CF":[-8.945479393005371,10.940696716308594,8.940160751342774,-0.6968525052070618,7.560662851346933e-8,0.7172144651412964,3.309801044348859e-10,1,-1.0509545944614729e-7,-0.7172144651412964,-7.29986453507081e-8,-0.6968525052070618],"SB":0,"VY":4.92119026184082,"TN":"","HT":false,"V":[-11.485574722290039,4.92119026184082,11.139188766479493],"MD":[-0.7178484797477722,0,0.696199357509613],"TS":1776809389.1664413,"WS":16,"J":false,"HD":[3.151203989982605,2.0963196754455568],"BWS":16,"MS":"Falling","DT":0.017270537093281747},{"CF":[-9.136903762817383,10.988654136657715,9.125815391540528,-0.696760356426239,7.880402819182564e-8,0.717303991317749,3.804244974592308e-10,1,-1.0949188578024405e-7,-0.717303991317749,-7.601672535884063e-8,-0.696760356426239],"SB":0,"VY":1.6511898040771485,"TN":"","HT":false,"V":[-11.485574722290039,1.6511898040771485,11.139188766479493],"MD":[-0.7178484797477722,0,0.696199357509613],"TS":1776809389.183212,"WS":16,"J":false,"HD":[3.151203989982605,2.0963196754455568],"BWS":16,"MS":"Falling","DT":0.016770385205745698},{"CF":[-9.328329086303711,10.982110977172852,9.311470031738282,-0.6966812610626221,8.215457114602032e-8,0.7173808217048645,4.304091805185095e-10,1,-1.1410217126694988e-7,-0.7173808217048645,-7.918407618490164e-8,-0.6966812610626221],"SB":0,"VY":-1.6188104152679444,"TN":"","HT":false,"V":[-11.485574722290039,-1.6188104152679444,11.139188766479493],"MD":[-0.7178484797477722,0,0.696199357509613],"TS":1776809389.1995674,"WS":16,"J":false,"HD":[3.151203989982605,2.0963196754455568],"BWS":16,"MS":"Falling","DT":0.01633230783045292},{"CF":[-9.519753456115723,10.92106819152832,9.497123718261719,-0.6966133117675781,8.561744380131131e-8,0.7174468040466309,4.811468445886646e-10,1,-1.188691172160361e-7,-0.7174468040466309,-8.246060900773955e-8,-0.6966133117675781],"SB":0,"VY":-4.888810634613037,"TN":"","HT":false,"V":[-11.485574722290039,-4.888810634613037,11.139188766479493],"MD":[-0.7178484797477722,0,0.696199357509613],"TS":1776809389.216005,"WS":16,"J":false,"HD":[3.151203989982605,2.0963196754455568],"BWS":16,"MS":"Falling","DT":0.016464615240693094},{"CF":[-9.71117877960205,10.805525779724121,9.682778358459473,-0.696554958820343,8.916235572087317e-8,0.7175034880638123,5.323239071763908e-10,1,-1.2375070923553722e-7,-0.7175034880638123,-8.581722710232498e-8,-0.696554958820343],"SB":0,"VY":-8.15881061553955,"TN":"","HT":false,"V":[-11.485574722290039,-8.15881061553955,11.139188766479493],"MD":[-0.7178484797477722,0,0.696199357509613],"TS":1776809389.2327154,"WS":16,"J":false,"HD":[3.151203989982605,2.0963196754455568],"BWS":16,"MS":"Falling","DT":0.016707153990864755},{"CF":[-9.902603149414063,10.635482788085938,9.86843204498291,-0.6965047717094421,9.276695323023887e-8,0.717552125453949,5.839803640661501e-10,1,-1.2871566923422507e-7,-0.717552125453949,-8.923204575239652e-8,-0.6965047717094421],"SB":0,"VY":-11.428811073303223,"TN":"","HT":false,"V":[-11.485574722290039,-11.428811073303223,11.139188766479493],"MD":[-0.7178484797477722,0,0.696199357509613],"TS":1776809389.2492498,"WS":16,"J":false,"HD":[3.151203989982605,2.0963196754455568],"BWS":16,"MS":"Falling","DT":0.016545230522751809},{"CF":[-10.09402847290039,10.410940170288086,10.054085731506348,-0.6964617371559143,9.641474463251143e-8,0.7175939679145813,6.360264537264015e-10,1,-1.3374106799801667e-7,-0.7175939679145813,-9.268912748439107e-8,-0.6964617371559143],"SB":0,"VY":-14.698811531066895,"TN":"","HT":false,"V":[-11.485574722290039,-14.698811531066895,11.139188766479493],"MD":[-0.7178484797477722,0,0.696199357509613],"TS":1776809389.2662957,"WS":16,"J":false,"HD":[3.151203989982605,2.0963196754455568],"BWS":16,"MS":"Falling","DT":0.01703076995909214},{"CF":[-10.285453796386719,10.13189697265625,10.239740371704102,-0.6964247226715088,1.0009367912289236e-7,0.7176298499107361,6.885604864059758e-10,1,-1.3880992355552736e-7,-0.7176298499107361,-9.617653518034786e-8,-0.6964247226715088],"SB":0,"VY":-17.968809127807618,"TN":"","HT":false,"V":[-11.485574722290039,-17.968809127807618,11.139188766479493],"MD":[-0.7178484797477722,0,0.696199357509613],"TS":1776809389.2833985,"WS":16,"J":false,"HD":[3.151203989982605,2.0963196754455568],"BWS":16,"MS":"Falling","DT":0.01709415391087532},{"CF":[-10.476879119873047,9.798354148864746,10.425394058227539,-0.6963928937911987,1.0379486070632993e-7,0.7176607251167297,7.416744995936142e-10,1,-1.4390973035460775e-7,-0.7176607251167297,-9.96854510049161e-8,-0.6963928937911987],"SB":0,"VY":-21.238805770874025,"TN":"","HT":false,"V":[-11.485574722290039,-21.238805770874025,11.139188766479493],"MD":[-0.7178484797477722,0,0.696199357509613],"TS":1776809389.299497,"WS":16,"J":false,"HD":[3.151203989982605,2.0963196754455568],"BWS":16,"MS":"Falling","DT":0.01611592248082161},{"CF":[-10.668303489685059,9.410311698913575,10.611047744750977,-0.6963655352592468,1.075114610671335e-7,0.7176872491836548,7.952098979302491e-10,1,-1.4903106659858168e-7,-0.7176872491836548,-1.0320939480834568e-7,-0.6963655352592468],"SB":0,"VY":-24.50880241394043,"TN":"","HT":false,"V":[-11.485574722290039,-24.50880241394043,11.139188766479493],"MD":[-0.7178484797477722,0,0.696199357509613],"TS":1776809389.3159459,"WS":16,"J":false,"HD":[3.151203989982605,2.0963196754455568],"BWS":16,"MS":"Falling","DT":0.01645023003220558},{"CF":[-10.859728813171387,8.967769622802735,10.796701431274414,-0.6963421106338501,1.1123859167128103e-7,0.717710018157959,8.49133208191688e-10,1,-1.5416715370974999e-7,-0.717710018157959,-1.0674364858687113e-7,-0.6963421106338501],"SB":0,"VY":-27.778799057006837,"TN":"","HT":false,"V":[-11.485574722290039,-27.778799057006837,11.139188766479493],"MD":[-0.7178484797477722,0,0.696199357509613],"TS":1776809389.332504,"WS":16,"J":false,"HD":[3.151203989982605,2.0963196754455568],"BWS":16,"MS":"Falling","DT":0.016559923067688943},{"CF":[-11.051154136657715,8.47072696685791,10.982355117797852,-0.696321964263916,1.1497265006710222e-7,0.7177295684814453,9.03448760247727e-10,1,-1.593128757804152e-7,-0.7177295684814453,-1.1028461699424952e-7,-0.696321964263916],"SB":0,"VY":-31.048795700073243,"TN":"","HT":false,"V":[-11.485574722290039,-31.048795700073243,11.139188766479493],"MD":[-0.7178484797477722,0,0.696199357509613],"TS":1776809389.3491863,"WS":16,"J":false,"HD":[3.151203989982605,2.0963196754455568],"BWS":16,"MS":"Falling","DT":0.016685539856553079},{"CF":[-11.242579460144043,7.919185638427734,11.168009757995606,-0.6963046789169312,1.1871104277361155e-7,0.717746376991272,9.582107329819678e-10,1,-1.6446455219920609e-7,-0.717746376991272,-1.1382968523321324e-7,-0.6963046789169312],"SB":0,"VY":-34.31879806518555,"TN":"","HT":false,"V":[-11.485574722290039,-34.31879806518555,11.139188766479493],"MD":[-0.7178484797477722,0,0.696199357509613],"TS":1776809389.3660372,"WS":16,"J":false,"HD":[3.151203989982605,2.0963196754455568],"BWS":16,"MS":"Falling","DT":0.016837000846862794},{"CF":[-11.434004783630371,7.313142776489258,11.353663444519043,-0.6962897777557373,1.2245180869285833e-7,0.7177608013153076,1.013356620838124e-9,1,-1.6961948290372676e-7,-0.7177608013153076,-1.1737697036551254e-7,-0.6962897777557373],"SB":0,"VY":-37.588802337646487,"TN":"","HT":false,"V":[-11.485574722290039,-37.588802337646487,11.139188766479493],"MD":[-0.7178484797477722,0,0.696199357509613],"TS":1776809389.3832663,"WS":16,"J":false,"HD":[3.151203989982605,2.0963196754455568],"BWS":16,"MS":"Falling","DT":0.017212845385074617},{"CF":[-11.6255521774292,6.652600288391113,11.539191246032715,-0.6962264776229858,1.2622712119991775e-7,0.7178221940994263,1.0565281982621855e-9,1,-1.7482258840573196e-7,-0.7178221940994263,-1.2095770784981142e-7,-0.6962264776229858],"SB":0,"VY":-40.85880661010742,"TN":"","HT":false,"V":[-11.493928909301758,-40.85880661010742,11.130569458007813],"MD":[-0.7183811068534851,0,0.6956497430801392],"TS":1776809389.3995014,"WS":16,"J":false,"HD":[3.151203989982605,2.0963196754455568],"BWS":16,"MS":"Falling","DT":0.016219768673181535},{"CF":[-11.817118644714356,5.937557697296143,11.724699020385743,-0.6961495876312256,1.3011525368256117e-7,0.7178967595100403,1.0954311902011682e-9,1,-1.8018283753917786e-7,-0.7178967595100403,-1.2464779786114378e-7,-0.6961495876312256],"SB":0,"VY":-44.12881088256836,"TN":"","HT":false,"V":[-11.494094848632813,-44.12881088256836,11.130399703979493],"MD":[-0.7183811068534851,0,0.6956497430801392],"TS":1776809389.4158886,"WS":16,"J":false,"HD":[3.151203989982605,2.0963196754455568],"BWS":16,"MS":"Falling","DT":0.016437770798802377},{"CF":[-12.009005546569825,5.168015003204346,11.909875869750977,-0.695946216583252,1.344392046576104e-7,0.7180939316749573,1.1004382960422277e-9,1,-1.8615024544033077e-7,-0.7180939316749573,-1.2876034816144966e-7,-0.695946216583252],"SB":0,"VY":-47.3988151550293,"TN":"","HT":false,"V":[-11.516129493713379,-47.3988151550293,11.107598304748536],"MD":[-0.7197858691215515,0,0.6941961646080017],"TS":1776809389.4330037,"WS":16,"J":false,"HD":[3.151203989982605,2.0963196754455568],"BWS":16,"MS":"Falling","DT":0.01705046184360981},{"CF":[-12.200945854187012,4.343972206115723,12.094998359680176,-0.6957113742828369,1.272610603564317e-7,0.7183214426040649,9.93799598170142e-10,1,-1.7620197922951775e-7,-0.7183214426040649,-1.218718495010762e-7,-0.6957113742828369],"SB":0,"VY":-50.668819427490237,"TN":"","HT":false,"V":[-11.516565322875977,-50.668819427490237,11.107147216796875],"MD":[-0.7197858691215515,0,0.6941961646080017],"TS":1776809389.4491914,"WS":16,"J":false,"HD":[3.151203989982605,2.0963196754455568],"BWS":16,"MS":"Falling","DT":0.016245922073721887},{"CF":[-12.392889022827149,3.4654295444488527,12.280119895935059,-0.6954997777938843,8.334085777050859e-8,0.7185263633728027,6.10134165413001e-10,1,-1.1539800937043765e-7,-0.7185263633728027,-7.982089300639928e-8,-0.6954997777938843],"SB":0,"VY":-53.93882369995117,"TN":"","HT":false,"V":[-11.516573905944825,-53.93882369995117,11.107138633728028],"MD":[-0.7197858691215515,0,0.6941961646080017],"TS":1776809389.4659355,"WS":16,"J":false,"HD":[3.151203989982605,2.0963196754455568],"BWS":16,"MS":"Falling","DT":0.01673753932118416},{"CF":[-12.584832191467286,2.830634355545044,12.465237617492676,-0.6953163146972656,4.02844015923165e-8,0.7187038064002991,2.5699425920677756e-10,1,-5.580283257700103e-8,-0.7187038064002991,-3.861591935105935e-8,-0.6953163146972656],"SB":0,"VY":-13.050741195678711,"TN":"","HT":false,"V":[-11.51664924621582,-13.050741195678711,11.107057571411133],"MD":[-0.7197858691215515,0,0.6941961646080017],"TS":1776809389.4837487,"WS":16,"J":false,"HD":[3.151203989982